337618598589637
337662103743041
337662887619679
337673861892610
337674645769248
337675037707567
337675429645885
337675821584204
337676213522523
337676605460842
337676997399161
337682092597308
337682484535627
337682876473946
337683268412265
337683660350583
337684052288902
337684444227221
337684836165540
337685228103859
337685620042178
337686011980497
337686403918816
337686795857135
337687187795454
337687579733773
337687971672092
337688363610411
337688755548730
337689147487049
337689539425368
337689931363687
337690323302006
337690715240325
337691107178644
337691499116962
337691891055281
337692282993600
337692674931919
337693066870238
337693458808557
337693850746876
337694242685195
337694634623514
337695026561833
337695418500152
337695810438471
337696202376790
343270177772429
343285294621754
