353252074931676
353252077536514
353252077687044
354971073293866
358375068295306
358375068329238
359256065938305
359256066077848
359256066077897
359256066079273
359256066079877
359256066080305
359256066093761
359256066093803
359256066093944
359256066094173
359256066094355
359256066094447   321
359256066094579
359256066095816
359256066097069
359256066123949
359256066124012
359256066124020
359256066124855
359256066126298
359256066127007
359256066194528
359256066194726
359256066195830
359256066196663
359256066196689
359256066197281
359256066197810
359256066197901
359256066199014
359256066350302
359256066350427
359256066350450
359256067002589
359256067012125
359256067013057
359256067013180
359256067014444
359256067015094
359256067015607
359256067017587
359256067020896
359256067021563
359256067021902
359256067021969
359256067022090
359256067062088
359256067091731
359256067093182
359256067093869
359256067093893
359256067105622
359256067106414
359256067108220
359256067108600
359256067108774
359256067108790
359256067111323
359256067138292
359256067140579
359256067142575
359256067146287
359256067147285
359256067147541
359256067165568
359256067166053
359256067174172
359256067184064
359256067196803
359256067197959
359256067207725
359256067217203
359256067220694
359256067222294
359256067229901
359256067241179
359256067245675
359256067250816
359256067251889
359256067265004
359256067266028
359256067266259
359256067267372
359256067296447
359256067297981
359256067298526
359256067299235
359256067322987
359256067323787
359256067360839
359256067362108
359256067381439
359256067392469
359256067393913
359256067394382
359256067395223
359256067395777
359256067401443
359256067409081
359256067410584
359256067434949
359256067435896
359256067437249
359256067441662
359256067441761
359256067442223
359256067465141
359256067465331
359256067486527
359256067487152
359256067487178
359256067487848
359256067488556
359256067491360
359256067496518
359256067508049
359256067512371
359256067513338
359256067543335
359256067554357
359258065083124
359260067341823
359260067911781
359260067913753
359260067918570
359260067918638
359260067934452
359260067939089
359260067940269
359260067971215
359260067973757
359260067973948
359260067974177
359260067974680
359260067974995
359260067975034
359260067976925
359260067977261
359260067978848
359260067979226
359292069481695
359298066016723
